240 224 224 224 240 224 224 224 240 224 224 224 240 224 224 224 
212 224 195 197 208 224 195 195 209 224 197 197 208 224 196 196 
187 210 186 175 181 209 183 170 184 208 183 170 184 211 184 174 
187 203 162 159 181 204 158 153 184 200 161 157 184 205 161 156 
187 203 162 151 181 204 158 141 184 200 161 147 184 205 161 143 
172 190 151 131 169 192 149 121 172 186 151 132 177 194 152 122 
172 181 132 123 169 179 129 110 172 173 129 124 177 180 134 114 
161 166 132 123 162 168 129 110 161 163 129 124 166 170 134 114 
153 166 128 117 150 168 128 107 151 163 124 124 152 170 133 110 
133 155 128 117 134 158 128 107 128 155 124 124 137 157 133 110 
133 155 119 112 134 158 122  97 128 155 117 117 137 157 123 102 
116 135 108 105 115 140 113  91 112 129 112 107 120 132 119  95 
116 135 103  97 115 140 106  84 112 129 102 102 120 132 109  95 
107 135  99  86 109 140  98  70 104 129  95  89 115 132 103  80 
105 135  99  86  98 140  98  70 100 129  95  89 107 132 103  80 
105 135  99  82  98 140  98  65 100 129  95  87 107 132 103  75 
105 135  83  68  98 140  82  57 100 129  79  78 107 132  83  66 
 84 135  83  66  85 140  82  55  82 129  79  75  91 132  83  62 
 84 135  77  66  85 140  76  55  82 129  72  75  91 132  77  62 
 84 135  77  66  85 140  76  55  82 129  72  75  91 132  77  62 
 79 135  65  64  79 140  62  50  80 129  62  73  85 132  65  61 
 79 135  53  57  79 140  48  48  80 129  47  66  85 132  51  56 
 79 125  47  51  79 133  40  44  80 120  40  63  85 127  40  54 
 74 125  47  48  74 133  40  41  76 120  40  57  84 127  40  52 
 71 118  44  48  68 125  38  41  71 112  39  57  78 119  36  52 
 71 113  43  48  68 121  38  41  71 109  39  57  78 112  35  52 
 71 105  43  48  68 110  38  41  71 100  39  57  78 106  35  52 
 71 105  43  48  68 110  38  41  71 100  39  57  78 106  35  52 
 71 105  41  46  68 110  37  36  71 100  37  53  78 106  33  46 
 60 105  39  44  58 110  35  30  62 100  36  47  68 106  30  39 
 60 105  38  41  58 110  32  28  62 100  35  44  68 106  29  34 
 60 105  33  34  58 110  26  24  62 100  30  37  68 106  22  32 
 54  99  29  34  54 101  18  24  58  95  22  37  60 100  19  32 
 53  99  24  33  51 101  15  23  56  95  20  35  53 100  16  30 
 49  99  23  30  48 101  15  23  51  95  19  31  46 100  16  30 
 49  99  22  29  48 101  15  23  51  95  18  30  46 100  14  27 
 49  99  22  28  47 101  15  21  48  95  18  30  44 100  14  25 
 49  99  22  28  47 101  15  21  48  95  18  30  44 100  14  25 
 43  92  17  27  37  93  14  19  39  89  16  29  36  91  14  23 
 39  92  13  27  35  93  11  19  36  89  15  25  36  91  12  23 
 38  84  13  25  34  90  11  17  33  82  15  23  35  86  12  17 
 38  84  13  24  34  90  11  14  33  82  15  22  35  86  12  15 
 31  84  12  23  33  90   9  14  31  82  15  20  30  86  12  14 
 27  80  12  20  32  82   9  14  28  76  15  19  28  82  12  11 
 21  80  10  20  23  82   7  14  23  76  11  19  19  82   9  11 
 21  80  10  19  23  82   7  12  23  76  11  19  19  82   9  10 
 21  80  10  19  23  82   7  12  23  76  11  19  19  82   9  10 
 19  69  10  18  22  75   6  12  22  65  11  16  16  76   9  10 
 19  69  10  17  22  75   6  11  22  65  11  15  16  76   8  10 
 19  69   7  16  22  75   6  10  22  65   9  15  16  76   6   9 
 19  69   6  16  22  75   5  10  22  65   9  15  16  76   5   9 
 16  64   4  14  20  73   4   9  20  63   6  11  15  70   4   8 
 16  64   4  12  20  73   4   9  20  63   6  11  15  70   4   6 
 16  62   3  11  20  72   3   8  20  61   6  11  15  67   4   6 
 16  62   2  11  20  72   3   8  20  61   6  11  15  67   4   6 
 15  62   2  11  19  72   3   8  19  61   6  11  13  67   4   6 
 15  62   2  10  19  72   3   7  19  61   6  11  13  67   4   6 
 12  62   2  10  19  72   3   7  18  61   6  11  11  67   4   6 
 12  61   1   8  19  70   2   6  18  54   6  10  11  63   4   6 
 12  61   1   8  18  70   2   6  14  54   5   9   8  63   3   5 
  9  61   1   8  17  70   2   6  14  54   5   9   6  63   3   5 
  9  61   1   7  17  70   2   6  14  54   5   9   6  63   3   4 
  8  61   1   7  17  70   2   6  13  54   4   9   6  63   2   4 
  8  61   1   6  17  70   2   4  13  54   4   5   6  63   2   3 
  8  61   1   6  17  70   2   4  13  54   4   5   6  63   2   3 
  8  60   1   5  17  68   2   4  13  52   4   5   6  61   2   3 
  7  53   1   5  17  65   2   4  11  50   4   5   5  59   2   3 
  7  53   1   4  17  65   2   4  11  50   4   5   5  59   2   3 
  7  53   1   4  17  65   2   4  11  50   4   5   5  59   2   3 
  7  49   1   2  15  61   2   4  10  46   3   4   5  56   2   2 
  6  49   1   2  14  61   2   4   9  46   3   4   4  56   2   2 
  5  43   1   2  14  57   2   4   9  43   3   4   3  52   2   2 
  5  41   1   2  14  52   2   4   9  35   3   4   3  46   2   2 
  5  41   1   2  14  52   2   4   9  35   3   4   3  46   2   2 
  5  39   1   2  13  52   2   4   8  34   3   4   3  44   2   2 
  5  39   1   2  13  52   2   4   7  34   3   4   3  44   2   2 
  5  39   1   2  13  52   2   4   7  34   3   4   3  44   2   2 
  5  39   1   2  13  52   2   4   7  34   3   4   1  44   2   2 
  5  39   1   2  13  52   2   4   7  34   1   4   1  44   2   2 
  5  39   1   2  13  52   2   4   7  34   1   4   1  44   2   2 
  5  39   1   2  13  52   2   4   7  34   1   4   1  44   2   2 
  5  39   1   2  13  52   2   4   7  34   1   4   1  44   2   2 
  5  39   1   2  12  52   2   4   7  34   1   4   1  44   2   1 
  5  39   1   2  12  52   1   4   7  34   1   4   1  44   1   1 
  5  39   1   2  12  52   1   4   6  34   1   4   1  44   1   1 
  5  38   1   2  12  48   1   4   6  32   1   4   1  40   1   1 
  4  38   1   2  12  48   1   4   6  32   1   4   1  40   1   1 
  4  38   1   2  12  48   1   4   6  32   1   4   1  40   1   1 
  4  36   1   2  11  47   1   4   6  31   1   4   1  39   1   1 
  4  36   1   2  11  42   1   4   6  30   1   3   1  36   1   1 
  4  36   1   2  11  42   1   4   6  30   1   3   1  36   1   1 
  2  32   1   2  10  38   1   4   6  29   1   3   1  33   1   1 
  2  32   1   2  10  38   1   4   6  29   1   3   1  33   1   1 
  2  30   1   2  10  34   1   4   5  26   1   3   1  33   1   1 
  2  28   1   2   9  33   1   3   4  24   1   3   1  32   1   1 
  2  28   1   2   9  33   1   3   4  24   1   3   1  32   1   1 
  2  28   1   2   9  33   1   3   4  24   1   3   1  32   1   1 
  2  28   1   2   9  33   1   3   3  24   1   3   1  32   1   1 
  2  27   1   2   8  29   1   2   3  19   1   2   1  31   1   1 
  2  27   1   2   7  29   1   2   3  19   1   2   1  31   1   1 
  2  25   1   2   7  26   1   2   3  18   1   2   1  28   1   1 
  2  24   1   2   7  26   1   2   3  17   1   2   1  27   1   1 
  2  24   1   2   7  26   1   2   3  17   1   2   1  27   1   1 
  2  24   1   2   7  26   1   2   2  17   1   2   1  27   1   1 
  2  24   1   2   7  26   1   2   2  17   1   2   1  27   1   1 
  2  22   1   2   7  23   1   2   2  17   1   2   1  26   1   1 
  2  22   1   2   7  23   1   2   2  17   1   2   1  26   1   1 
  2  22   1   2   7  23   1   2   2  17   1   2   1  26   1   1 
  2  21   1   2   7  21   1   2   2  16   1   2   1  25   1   1 
  2  21   1   2   7  21   1   2   2  16   1   2   1  25   1   1 
  2  21   1   2   7  21   1   2   2  16   1   2   1  25   1   1 
  2  21   1   2   7  20   1   2   2  16   1   2   1  23   1   1 
  2  19   1   2   7  18   1   2   2  14   1   2   1  21   1   1 
  2  18   1   2   7  16   1   2   2  13   1   2   1  19   1   1 
  2  18   1   2   6  16   1   2   2  13   1   2   1  19   1   1 
  2  18   1   2   6  16   1   2   2  13   1   2   1  19   1   1 
  2  13   1   2   4  15   1   1   2  10   1   2   1  18   1   1 
  2  13   1   2   4  15   1   1   2  10   1   2   1  18   1   1 
  2  13   1   2   4  14   1   1   2   9   1   2   1  17   1   1 
  2  10   1   2   4  14   1   1   2   8   1   2   1  17   1   1 
  2  10   1   2   4  14   1   1   2   8   1   2   1  17   1   1 
  2  10   1   2   4  14   1   1   2   8   1   2   1  17   1   1 
  2  10   1   2   4  14   1   1   2   8   1   2   1  17   1   1 
  2  10   1   2   4  14   1   1   2   8   1   2   1  17   1   1 
  2  10   1   2   4  14   1   1   2   8   1   2   1  17   1   1 
  2   9   1   2   4  13   1   1   2   8   1   2   1  17   1   1 
  2   7   1   2   4  11   1   1   2   8   1   1   1  16   1   1 
  2   7   1   2   4  11   1   1   2   6   1   1   1  14   1   1 
  2   6   1   2   4  11   1   1   2   4   1   1   1  12   1   1 
  2   6   1   2   4  11   1   1   2   4   1   1   1  11   1   1 
  2   6   1   2   4  11   1   1   2   4   1   1   1  11   1   1 
  2   6   1   2   4  11   1   1   2   4   1   1   1  11   1   1 
  2   6   1   2   4  11   1   1   2   4   1   1   1  11   1   1 
  2   6   1   1   4  11   1   1   2   4   1   1   1  11   1   1 
  2   6   1   1   4  11   1   1   2   4   1   1   1  11   1   1 
  2   6   1   1   4  11   1   1   2   4   1   1   1  11   1   1 
  2   6   1   1   4  11   1   1   2   4   1   1   1  11   1   1 
  2   6   1   1   4  11   1   1   2   4   1   1   1  11   1   1 
  2   6   1   1   3  11   1   1   2   4   1   1   1  11   1   1 
  2   4   1   1   2   9   1   1   2   3   1   1   1  11   1   1 
  2   4   1   1   2   9   1   1   2   3   1   1   1  11   1   1 
  2   4   1   1   2   8   1   1   2   3   1   1   1  10   1   1 
  2   4   1   1   2   7   1   1   2   3   1   1   1  10   1   1 
  2   4   1   1   2   7   1   1   2   3   1   1   1  10   1   1 
  2   4   1   1   2   7   1   1   2   3   1   1   1  10   1   1 
  2   4   1   1   2   7   1   1   2   2   1   1   1  10   1   1 
  2   4   1   1   2   7   1   1   2   2   1   1   1   8   1   1 
  2   4   1   1   2   7   1   1   2   2   1   1   1   8   1   1 
  2   4   1   1   2   7   1   1   2   2   1   1   1   8   1   1 
  2   4   1   1   2   7   1   1   2   2   1   1   1   8   1   1 
  1   4   1   1   2   7   1   1   2   2   1   1   1   8   1   1 
  1   4   1   1   2   7   1   1   2   2   1   1   1   8   1   1 
  1   4   1   1   2   7   1   1   2   2   1   1   1   8   1   1 
  1   4   1   1   2   7   1   1   2   2   1   1   1   8   1   1 
  1   4   1   1   2   7   1   1   2   2   1   1   1   8   1   1 
  1   4   1   1   2   7   1   1   2   2   1   1   1   8   1   1 
  1   4   1   1   2   7   1   1   2   2   1   1   1   8   1   1 
  1   4   1   1   2   7   1   1   2   2   1   1   1   8   1   1 
  1   4   1   1   2   7   1   1   2   2   1   1   1   8   1   1 
  1   4   1   1   2   7   1   1   2   2   1   1   1   8   1   1 
  1   4   1   1   2   7   1   1   2   2   1   1   1   7   1   1 
  1   4   1   1   2   7   1   1   2   2   1   1   1   7   1   1 
  1   4   1   1   2   7   1   1   1   2   1   1   1   7   1   1 
  1   4   1   1   2   7   1   1   1   2   1   1   1   7   1   1 
  1   4   1   1   2   7   1   1   1   2   1   1   1   7   1   1 
  1   4   1   1   2   7   1   1   1   2   1   1   1   7   1   1 
  1   4   1   1   2   7   1   1   1   2   1   1   1   7   1   1 
  1   4   1   1   2   7   1   1   1   2   1   1   1   7   1   1 
  1   4   1   1   2   7   1   1   1   2   1   1   1   7   1   1 
  1   4   1   1   2   7   1   1   1   2   1   1   1   7   1   1 
  1   4   1   1   2   7   1   1   1   2   1   1   1   7   1   1 
  1   4   1   1   2   7   1   1   1   2   1   1   1   7   1   1 
  1   4   1   1   2   7   1   1   1   2   1   1   1   7   1   1 
  1   4   1   1   2   7   1   1   1   2   1   1   1   7   1   1 
  1   4   1   1   2   7   1   1   1   2   1   1   1   7   1   1 
  1   4   1   1   2   7   1   1   1   2   1   1   1   6   1   1 
  1   4   1   1   2   7   1   1   1   2   1   1   1   6   1   1 
  1   4   1   1   2   7   1   1   1   2   1   1   1   6   1   1 
  1   4   1   1   2   7   1   1   1   2   1   1   1   6   1   1 
  1   4   1   1   2   7   1   1   1   2   1   1   1   6   1   1 
  1   4   1   1   1   7   1   1   1   2   1   1   1   5   1   1 
  1   4   1   1   1   6   1   1   1   2   1   1   1   5   1   1 
  1   4   1   1   1   6   1   1   1   2   1   1   1   5   1   1 
  1   4   1   1   1   6   1   1   1   2   1   1   1   5   1   1 
  1   4   1   1   1   5   1   1   1   2   1   1   1   4   1   1 
  1   4   1   1   1   5   1   1   1   2   1   1   1   4   1   1 
  1   4   1   1   1   5   1   1   1   2   1   1   1   3   1   1 
  1   4   1   1   1   5   1   1   1   2   1   1   1   3   1   1 
  1   4   1   1   1   5   1   1   1   2   1   1   1   3   1   1 
  1   4   1   1   1   5   1   1   1   2   1   1   1   3   1   1 
  1   4   1   1   1   5   1   1   1   2   1   1   1   3   1   1 
  1   4   1   1   1   5   1   1   1   2   1   1   1   3   1   1 
  1   4   1   1   1   5   1   1   1   2   1   1   1   3   1   1 
  1   4   1   1   1   4   1   1   1   2   1   1   1   2   1   1 
  1   4   1   1   1   4   1   1   1   2   1   1   1   2   1   1 
  1   4   1   1   1   4   1   1   1   2   1   1   1   2   1   1 
  1   4   1   1   1   4   1   1   1   2   1   1   1   2   1   1 
  1   4   1   1   1   4   1   1   1   2   1   1   1   2   1   1 
  1   4   1   1   1   4   1   1   1   2   1   1   1   2   1   1 
  1   4   1   1   1   4   1   1   1   2   1   1   1   2   1   1 
  1   4   1   1   1   4   1   1   1   2   1   1   1   2   1   1 
  1   2   1   1   1   4   1   1   1   2   1   1   1   2   1   1 
  1   2   1   1   1   3   1   1   1   2   1   1   1   2   1   1 
  1   2   1   1   1   3   1   1   1   2   1   1   1   2   1   1 
  1   2   1   1   1   2   1   1   1   2   1   1   1   2   1   1 
  1   2   1   1   1   2   1   1   1   2   1   1   1   2   1   1 
  1   2   1   1   1   2   1   1   1   2   1   1   1   2   1   1 
  1   2   1   1   1   2   1   1   1   2   1   1   1   2   1   1 
  1   2   1   1   1   2   1   1   1   2   1   1   1   2   1   1 
  1   2   1   1   1   2   1   1   1   2   1   1   1   2   1   1 
  1   2   1   1   1   2   1   1   1   2   1   1   1   2   1   1 
  1   2   1   1   1   2   1   1   1   2   1   1   1   2   1   1 
  1   2   1   1   1   2   1   1   1   2   1   1   1   2   1   1 
  1   2   1   1   1   2   1   1   1   2   1   1   1   2   1   1 
  1   2   1   1   1   2   1   1   1   2   1   1   1   2   1   1 
  1   2   1   1   1   2   1   1   1   2   1   1   1   2   1   1 
  1   2   1   1   1   2   1   1   1   2   1   1   1   2   1   1 
  1   2   1   1   1   2   1   1   1   2   1   1   1   2   1   1 
  1   2   1   1   1   2   1   1   1   2   1   1   1   2   1   1 
  1   2   1   1   1   2   1   1   1   2   1   1   1   2   1   1 
  1   2   1   1   1   2   1   1   1   2   1   1   1   2   1   1 
  1   2   1   1   1   2   1   1   1   2   1   1   1   2   1   1 
  1   2   1   1   1   2   1   1   1   2   1   1   1   2   1   1 
  1   2   1   1   1   2   1   1   1   2   1   1   1   2   1   1 
  1   2   1   1   1   2   1   1   1   2   1   1   1   2   1   1 
  1   2   1   1   1   2   1   1   1   2   1   1   1   2   1   1 
  1   2   1   1   1   2   1   1   1   2   1   1   1   2   1   1 
  1   2   1   1   1   2   1   1   1   2   1   1   1   2   1   1 
  1   2   1   1   1   2   1   1   1   1   1   1   1   2   1   1 
  1   2   1   1   1   2   1   1   1   1   1   1   1   2   1   1 
  1   2   1   1   1   2   1   1   1   1   1   1   1   2   1   1 
  1   2   1   1   1   2   1   1   1   1   1   1   1   2   1   1 
  1   2   1   1   1   2   1   1   1   1   1   1   1   2   1   1 
  1   2   1   1   1   2   1   1   1   1   1   1   1   2   1   1 
  1   2   1   1   1   2   1   1   1   1   1   1   1   2   1   1 
  1   2   1   1   1   2   1   1   1   1   1   1   1   2   1   1 
  1   2   1   1   1   2   1   1   1   1   1   1   1   2   1   1 
  1   2   1   1   1   2   1   1   1   1   1   1   1   2   1   1 
  1   2   1   1   1   2   1   1   1   1   1   1   1   2   1   1 
  1   2   1   1   1   2   1   1   1   1   1   1   1   2   1   1 
  1   2   1   1   1   2   1   1   1   1   1   1   1   2   1   1 
  1   2   1   1   1   2   1   1   1   1   1   1   1   2   1   1 
  1   2   1   1   1   2   1   1   1   1   1   1   1   2   1   1 
  1   2   1   1   1   2   1   1   1   1   1   1   1   2   1   1 
  1   2   1   1   1   2   1   1   1   1   1   1   1   2   1   1 
  1   2   1   1   1   2   1   1   1   1   1   1   1   2   1   1 
  1   2   1   1   1   2   1   1   1   1   1   1   1   2   1   1 
  1   2   1   1   1   2   1   1   1   1   1   1   1   1   1   1 
  1   2   1   1   1   2   1   1   1   1   1   1   1   1   1   1 
  1   2   1   1   1   2   1   1   1   1   1   1   1   1   1   1 
  1   2   1   1   1   2   1   1   1   1   1   1   1   1   1   1 
  1   2   1   1   1   2   1   1   1   1   1   1   1   1   1   1 
  1   2   1   1   1   2   1   1   1   1   1   1   1   1   1   1 
  1   2   1   1   1   2   1   1   1   1   1   1   1   1   1   1 
  1   2   1   1   1   2   1   1   1   1   1   1   1   1   1   1 
  1   2   1   1   1   2   1   1   1   1   1   1   1   1   1   1 
  1   2   1   1   1   2   1   1   1   1   1   1   1   1   1   1 
  1   2   1   1   1   2   1   1   1   1   1   1   1   1   1   1 
  1   2   1   1   1   2   1   1   1   1   1   1   1   1   1   1 
  1   2   1   1   1   2   1   1   1   1   1   1   1   1   1   1 
  1   2   1   1   1   2   1   1   1   1   1   1   1   1   1   1 
  1   2   1   1   1   2   1   1   1   1   1   1   1   1   1   1 
  1   2   1   1   1   2   1   1   1   1   1   1   1   1   1   1 
  1   1   1   1   1   2   1   1   1   1   1   1   1   1   1   1 
  1   1   1   1   1   2   1   1   1   1   1   1   1   1   1   1 
  1   1   1   1   1   2   1   1   1   1   1   1   1   1   1   1 
  1   1   1   1   1   2   1   1   1   1   1   1   1   1   1   1 
  1   1   1   1   1   2   1   1   1   1   1   1   1   1   1   1 
  1   1   1   1   1   2   1   1   1   1   1   1   1   1   1   1 
  1   1   1   1   1   2   1   1   1   1   1   1   1   1   1   1 
  1   1   1   1   1   2   1   1   1   1   1   1   1   1   1   1 
  1   1   1   1   1   2   1   1   1   1   1   1   1   1   1   1 
  1   1   1   1   1   2   1   1   1   1   1   1   1   1   1   1 
  1   1   1   1   1   2   1   1   1   1   1   1   1   1   1   1 
  1   1   1   1   1   2   1   1   1   1   1   1   1   1   1   1 
  1   1   1   1   1   2   1   1   1   1   1   1   1   1   1   1 
  1   1   1   1   1   2   1   1   1   1   1   1   1   1   1   1 
  1   1   1   1   1   2   1   1   1   1   1   1   1   1   1   1 
  1   1   1   1   1   2   1   1   1   1   1   1   1   1   1   1 
  1   1   1   1   1   2   1   1   1   1   1   1   1   1   1   1 
  1   1   1   1   1   2   1   1   1   1   1   1   1   1   1   1 
  1   1   1   1   1   2   1   1   1   1   1   1   1   1   1   1 
  1   1   1   1   1   2   1   1   1   1   1   1   1   1   1   1 
  1   1   1   1   1   2   1   1   1   1   1   1   1   1   1   1 
  1   1   1   1   1   2   1   1   1   1   1   1   1   1   1   1 
  1   1   1   1   1   2   1   1   1   1   1   1   1   1   1   1 
  1   1   1   1   1   2   1   1   1   1   1   1   1   1   1   1 
  1   1   1   1   1   2   1   1   1   1   1   1   1   1   1   1 
  1   1   1   1   1   2   1   1   1   1   1   1   1   1   1   1 
  1   1   1   1   1   2   1   1   1   1   1   1   1   1   1   1 
  1   1   1   1   1   2   1   1   1   1   1   1   1   1   1   1 
  1   1   1   1   1   2   1   1   1   1   1   1   1   1   1   1 
  1   1   1   1   1   2   1   1   1   1   1   1   1   1   1   1 
  1   1   1   1   1   2   1   1   1   1   1   1   1   1   1   1 
  1   1   1   1   1   2   1   1   1   1   1   1   1   1   1   1 
  1   1   1   1   1   2   1   1   1   1   1   1   1   1   1   1 
  1   1   1   1   1   2   1   1   1   1   1   1   1   1   1   1 
  1   1   1   1   1   2   1   1   1   1   1   1   1   1   1   1 
  1   1   1   1   1   2   1   1   1   1   1   1   1   1   1   1 
  1   1   1   1   1   2   1   1   1   1   1   1   1   1   1   1 
  1   1   1   1   1   2   1   1   1   1   1   1   1   1   1   1 
  1   1   1   1   1   2   1   1   1   1   1   1   1   1   1   1 
  1   1   1   1   1   2   1   1   1   1   1   1   1   1   1   1 
  1   1   1   1   1   2   1   1   1   1   1   1   1   1   1   1 
  1   1   1   1   1   2   1   1   1   1   1   1   1   1   1   1 
  1   1   1   1   1   2   1   1   1   1   1   1   1   1   1   1 
  1   1   1   1   1   2   1   1   1   1   1   1   1   1   1   1 
  1   1   1   1   1   1   1   1   1   1   1   1   1   1   1   1 
